0 0.546875 0.328125 0.0359375 0.1421875
0 0.63671875 0.34765625 0.03359375 0.12265625
0 0.25234375 0.5015625 0.0578125 0.13203125
0 0.69609375 0.50703125 0.03828125 0.15390625
0 0.62734375 0.5578125 0.040625 0.14921875
0 0.50625 0.59609375 0.06015625 0.1828125
0 0.02265625 0.6 0.040625 0.1421875
0 0.428125 0.62890625 0.0484375 0.165625
0 0.3453125 0.640625 0.06953125 0.17578125
0 0.1546875 0.6515625 0.06015625 0.178125
0 0.828125 0.66484375 0.03828125 0.18515625
0 0.8796875 0.728125 0.040625 0.2015625
0 0.9515625 0.75859375 0.04296875 0.19453125