0 0.5328125 0.28984375 0.0359375 0.146875
0 0.62734375 0.31015625 0.0359375 0.1296875
0 0.2234375 0.47109375 0.06015625 0.1390625
0 0.6890625 0.47734375 0.03828125 0.1609375
0 0.61640625 0.5296875 0.04296875 0.15625
0 0.4890625 0.57109375 0.0625 0.18984375
0 0.4078125 0.6046875 0.05078125 0.1734375
0 0.32109375 0.61640625 0.071875 0.18515625
0 0.12109375 0.62890625 0.06015625 0.18515625
0 0.8265625 0.6421875 0.040625 0.19453125
0 0.88125 0.709375 0.04296875 0.21171875
0 0.95703125 0.740625 0.04296875 0.2046875