0 0.50703125 0.353125 0.03828125 0.1515625
0 0.60546875 0.3734375 0.03828125 0.13203125
0 0.1890625 0.53984375 0.06015625 0.14453125
0 0.66796875 0.546875 0.040625 0.165625
0 0.5953125 0.60078125 0.04296875 0.1609375
0 0.4625 0.64296875 0.06484375 0.196875
0 0.37890625 0.678125 0.053125 0.18046875
0 0.28984375 0.68984375 0.07421875 0.18984375
0 0.084375 0.7015625 0.0625 0.1921875
0 0.8125 0.71640625 0.04296875 0.19921875
0 0.86640625 0.78515625 0.04296875 0.21875
0 0.94453125 0.8171875 0.0453125 0.21171875